-2.041780 -1.798300 -1.674964 -1.858826 468.000000 
-1.935344 -1.856172 -1.684886 -1.784965 468.000000 
-1.900906 -1.668689 -1.837362 -1.949138 468.000000 
-1.800759 -1.974835 -1.773385 -1.772459 467.000000 
-2.125434 -2.018710 -1.922248 -1.659446 467.000000 
-2.000956 -1.891718 -1.854097 -1.867522 467.000000 
-1.964000 -1.665000 -1.623000 -1.657000 467.000000 
-2.163998 -1.864997 -1.623002 -1.956998 467.000000 
-1.913902 -1.791562 -1.801125 -1.947625 467.000000 
-2.064000 -1.665000 -1.660500 -1.882000 467.000000 
