-2.050286 -1.750766 -1.759264 -1.735783 466.000000 
-1.992255 -1.627836 -1.964474 -1.524907 466.200000 
-1.847712 -1.536147 -1.786327 -1.563337 466.400000 
-1.731751 -1.844730 -1.915823 -1.652975 466.200000 
-1.917394 -1.598544 -1.847711 -1.454206 466.600000 
-1.792947 -1.653407 -1.777508 -1.560816 466.000000 
-1.907886 -1.592000 -1.838875 -1.457750 466.200000 
-1.912500 -1.542000 -1.848250 -1.532750 466.000000 
-1.875000 -1.817000 -1.792000 -1.514000 466.000000 
-1.875000 -1.817000 -1.792000 -1.664000 466.000000 
