-1.964427 -1.946477 -1.808888 -1.728540 466.000000 
-1.865461 -1.861195 -1.871411 -1.836003 466.000000 
-2.245421 -2.174822 -1.898168 -1.788206 466.000000 
-2.013179 -1.975038 -1.704786 -1.649040 466.000000 
-2.147647 -2.079567 -1.982690 -1.600065 466.000000 
-2.062564 -1.982364 -1.900242 -1.836866 466.000000 
-2.200000 -1.842000 -1.773000 -1.657000 466.000000 
-1.900000 -2.142000 -1.773000 -1.807000 466.000000 
-1.900000 -1.842000 -1.923000 -1.657000 466.000000 
-2.200000 -2.142000 -1.773000 -1.807000 466.000000 
