-1.570000 -2.077000 -1.697000 -1.834000 466.000000 
-1.570000 -2.000000 -1.697000 -1.834000 466.000000 
-1.570000 -2.000000 -1.740000 -1.834000 466.000000 
-1.570000 -2.000000 -1.740000 -1.747000 466.000000 
-1.831000 -2.000000 -1.740000 -1.747000 466.000000 
-1.831000 -2.178000 -1.740000 -1.747000 466.200000 
-1.831000 -2.178000 -1.810000 -1.747000 466.000000 
-1.831000 -2.178000 -1.810000 -1.906000 466.000000 
-1.789000 -2.178000 -1.810000 -1.906000 466.000000 
-1.789000 -2.066000 -1.810000 -1.906000 466.000000 
-1.789000 -2.066000 -1.679000 -1.906000 466.000000 
-1.789000 -2.066000 -1.679000 -1.810000 466.000000 
-1.656000 -2.066000 -1.679000 -1.810000 466.000000 
-1.656000 -1.881000 -1.679000 -1.810000 466.000000 
-1.656000 -1.881000 -1.623000 -1.810000 466.000000 
-1.656000 -1.881000 -1.623000 -1.944000 466.000000 
-1.677000 -1.881000 -1.623000 -1.944000 466.000000 
-1.677000 -2.252000 -1.623000 -1.944000 466.000000 
-1.677000 -2.252000 -1.579000 -1.944000 466.000000 
-1.677000 -2.252000 -1.579000 -1.693000 466.000000 
-1.807000 -2.252000 -1.579000 -1.693000 466.000000 
-1.807000 -2.057000 -1.579000 -1.693000 466.000000 
-1.807000 -2.057000 -1.826000 -1.693000 466.000000 
-1.807000 -2.057000 -1.826000 -1.689000 466.000000 
